10273831
6158750
6635005
8179925
5444945
5462428
5309878
5192439
5182168
4371706
5029155
5580210
2835410
2827767
3178618
2891293
3083116
2740522
2367441
2321644
2321725
2341808
1961815
1882731
2031819
2089410
1884530
2478794
1847193
1624676
1624865
1625330
1623858
1628120
1687409
1623406
1617753
1477238
1800067
1480046
1481484
1565746
1480156
1482580
1475558
1479263
1479955
1480764
1545691
1484878
1496804
1475348
1550437
1577888
1853259
1554561
1485234
1485704
1642385
1477707
1483168
1478609
1546187
1481073
1476240
1478694
1480611
1533745
1467450
1533882
1476954
1477214
1475534
1478321
1480401
1478650
1477275
1507743
1477382
1478393
1479921
1475486
1469400
1501102
1537272
1822583
1482832
1486783
1479451
1472130
1479285
1550568
1477927
1477546
1476803
1481309
1480815
1550025
1529851
1480231
