16878616
16647152
15051152
14542721
12170198
9485270
7260380
6846557
5778684
5896471
4983413
4846227
4688411
4129460
4155280
4129083
3875059
3740661
3728968
3762151
3728845
3736164
3756279
3737217
3733391
3765880
3729051
3731046
3786259
3733733
3734339
3765572
3728863
3730429
3753386
3733990
3729486
3757248
3741640
3729954
3818990
3728413
3753825
3730329
3729029
3754463
3737261
3735927
3763311
3730290
3731359
3751070
3762712
3742771
3774006
3730718
3729023
3753632
3730607
3734680
3783008
3731167
3754939
3752256
3763043
3734805
3755377
3728566
3772945
3731531
3730687
3761227
3735312
3729466
3761518
3740359
3761984
3782895
3729831
3729082
3754907
3730822
3741204
3759853
3759316
3728875
3765330
3729589
3762471
3750314
3741450
3728354
3759278
3735076
3729143
3755985
3730102
3765426
3729629
3730554
