26813875
26218026
21457070
14045694
11106449
9664297
8499452
7634845
7328286
6675635
6622293
6648720
6609051
6609945
6615010
6599449
6629038
6583497
6641079
6608276
5602451
6618180
6590854
6623136
6629026
6672057
6618943
6581438
6649429
6619805
6583073
6638843
6666881
6611111
6612111
6581790
6624137
6593506
6620545
6636510
6582373
6623075
6617514
6588011
6610831
6604311
6643738
6615768
6581545
6625315
6588517
6666582
6614282
6622089
6626653
6583622
6624014
6629006
6593277
6619080
6632920
6598230
6618955
6582442
6625843
6623317
6615288
6616163
6581790
6612917
6632535
6588804
6616122
6604184
6638275
6619542
6581778
6608916
6630451
6586437
6662064
6581965
6632067
6613559
6582424
6617654
6600899
6630899
6613712
6581905
6611997
6602352
6610535
6637702
6605975
6610241
6602387
6616626
6606258
6588972
