16845313
15955660
14806761
14141337
9576298
8128965
7134883
6038994
5644925
5322829
4704276
4816919
4434162
4037708
4060683
4006565
3648463
3670068
3723005
3642155
3658993
3641599
3642896
3651603
3661392
3641775
3842052
3675065
3642585
3655469
3655820
3645148
3659663
3676046
3642177
3655088
3641922
3641916
3648707
3642081
3641833
3657175
3641923
3642053
3661894
3642359
3641879
3648366
3650755
3652458
3641841
3641948
3666043
3642071
3685126
3662714
3650041
3641728
3706273
3645743
3641843
3664154
3641888
3651311
3654511
3641869
3654671
3663977
3665479
3641960
3650907
3651102
3641707
3654561
3641934
3642174
3648053
3641988
3655362
3658077
3641964
3641975
3647818
3641822
3641915
3648141
3653201
3642145
3654404
3641943
3650584
3662782
3641907
3645624
3650790
3641798
3642035
3648443
3642266
3642129
