10112725
9883948
9648812
9169341
8699491
8655792
8739335
5865475
5993542
4776257
4328461
4314241
3837464
3464572
3449608
3537310
3117400
2874688
2875037
2874740
2883500
2532633
2464139
2463973
2477808
2463929
2394149
2227398
2226899
2233782
2225594
2226959
2229974
2225601
2233144
2225673
2225618
2225735
2252596
2236714
2225628
2225659
2225738
2225777
2232684
2225854
2225774
2225361
2233316
2231369
2329523
2237567
2227833
2244351
2225648
2225397
2227444
2227230
2232350
2225472
2225826
2225499
2308691
2230690
2225761
2225513
2225824
2225816
2230396
2227516
2234924
2235684
2225656
2239357
2225729
2225654
2225734
2225503
2230751
2225450
2225551
2227025
2232126
2225627
2225628
2225669
2225721
2230612
2225793
2225495
2230819
2227360
2233048
2229938
2225746
2225721
2225607
2231588
2225658
2225644
