15991548
11686175
11721655
11623681
10130655
6936166
6345753
5142168
5048955
4504820
4069409
4257494
3910236
3368459
3367492
3413209
3267122
2924599
2901755
2934769
2902104
2751822
2642485
2671107
2645509
2657950
2647339
2683726
2654746
2642354
2643121
2700815
2652302
2644666
2642588
2676033
2647356
2660949
2646700
2676770
2646063
2657774
2647537
2676357
2643170
2643503
2653954
2684478
2670666
2645202
2677378
2674930
2645544
2647572
2641898
2663273
2644351
2646294
2665494
2645609
2670763
2643169
2642779
2644757
2669847
2680741
2637160
2639904
2685580
2646410
2642368
2641892
2673445
2650594
2656392
2643986
2667721
2652764
2656521
2647513
2674211
2639948
2671439
2641040
2670172
2655498
2657207
2718165
2724884
2663476
2648456
2647215
2675027
2647980
2661039
2643052
2682604
2639503
2638421
2697917
