22285361
16396494
16607957
14870167
15058069
14372623
14487112
11816361
9671549
7632859
7271431
6846264
5966543
5714517
5768165
4775600
4803180
4825982
4792917
4103411
4108765
4131066
4094924
3762000
3773187
3748745
3748125
3785774
3793743
3769207
3767164
3750613
3795299
3746456
3743702
3784225
3746372
3744505
3813282
3756921
3782619
3783450
3757038
3744760
3783250
3762584
3746012
3779236
3752153
3750724
3772630
3758039
3817600
3756247
3741868
3778964
3744182
3749814
3778677
3741576
3752132
3777552
3743151
3738932
3824241
3743571
3743347
3794891
3743056
3741224
3770158
3749889
3743381
3771561
3755432
3771788
3792340
3742457
3773916
3747053
3741168
3773690
3754661
3738751
3870242
3744791
3748545
3792607
3774505
3754980
3789095
3747619
3743745
3773090
3746862
3741826
3783232
3742568
3768746
3744903
3777895
3789298
3744533
3744039
3809256
3742449
3738389
3773251
3745149
3734033
3778411
3762535
3785583
3805384
3744201
3772967
3862108
3738807
3769379
3775560
3741511
3742593
3749177
3741727
3807283
3760272
3751089
3784350
3797545
3739499
3793315
3745181
3740007
3790480
3743200
3740524
3810646
3777524
3750980
3769609
3764570
3744444
3773118
3745460
3765053
3767874
3741235
3766331
3784017
3745774
3782732
3756106
3765896
3775723
3746231
3747181
3786672
3744968
3743355
3790365
3776765
3741346
3793488
3767159
3741561
3774095
3766292
3735768
3773469
3738022
3757117
3743073
3765660
3768752
3767706
3764610
3777106
3746693
3739824
3773366
3741898
3764632
3779953
3744017
3781831
3776100
3759988
3751754
3802981
3742174
3743279
3789526
3744058
3765669
3747529
3743843
3840400
3744402
3759763
3781230
3754804
3738311
3781065
3764809
3741529
3781163
3748910
3742721
3800670
3747139
3774674
3770988
3801279
3749582
3772775
3742764
3767183
3749855
3772057
3772275
3771512
3763962
3781689
3743412
3754042
3790801
3735409
3734063
3803907
3745361
3740893
3775516
3815959
3753983
3777769
3775723
3741058
3772747
3736698
3732834
3844044
3750821
3773699
3775461
3798180
3782972
3740907
3774275
3804884
3742659
3767845
3782360
3746079
3740263
3798876
3743560
3797357
3801844
3741908
3739202
3797073
3752177
3785488
3749816
3740092
3806983
3740581
3742441
3825171
3777897
3751552
3781896
3773369
3753888
3778401
3745102
3769502
3777232
3745636
3769873
3809872
3760457
3744067
3804623
3743581
3788908
3747020
3764436
3781515
3744184
3742190
3802066
3783166
3740964
3799941
3745372
3749516
3781190
3772281
3740491
3777029
3771371
3742876
3766861
3775069
3763403
3776803
3741342
3745635
3782363
3757918
3790119
3745827
3773560
3773922
3740344
3802254
3827042
3756909
3747368
3788840
3754625
3740992
3806510
3743668
3741961
3778399
3768148
3765251
3790077
3763651
3741838
3738185
3751698
3771241
3835874
3740035
3784622
3765446
3739688
3817130
3743734
3786117
3777894
3744731
3771240
3777970
3780044
3742586
3807440
3735780
3733066
3848001
3743709
3784906
3791295
3758438
3787478
3743767
3741337
3800358
3756776
3740292
3774153
3800395
3731442
3776516
3775564
3744267
3777027
3743894
3766629
3809620
3750519
3815247
3787388
3775554
3771649
3771141
3750342
3817003
3967942
3885100
3789760
3817965
3742960
3818512
3777102
3742738
3775344
3746363
3745510
3771452
3768998
3790747
3812273
4165646
3791887
3742615
3783419
3838121
3747340
3745349
3785084
3752606
3745827
3779065
3769870
3747799
3781825
3757623
3779497
3773861
3760529
3746839
3816470
3746108
3779739
3759331
3745724
3810800
3787861
3820135
3851379
3788311
3806444
3826065
3796356
3746295
3822685
3744905
3745924
3790153
3751780
3767630
3801980
3763398
3750095
3781985
3744449
3772296
3810608
3746537
3772713
3765026
3744221
3793303
3774185
3741995
3782229
3745145
3763603
3783438
3757817
3739787
3799179
3759066
3740807
3798134
3772312
3743682
3781129
3743191
3780332
3760071
3740895
3804553
3740498
3739142
3783771
3743313
3791666
3777136
3771091
3742995
3780088
3744655
3754328
3786985
3745171
3763574
3857299
3754329
3773356
3783884
3758055
3770818
3744886
3770991
3781053
3739432
3742249
3767781
3801628
3745109
3833804
3745776
3743091
3778122
3745519
3748160
3772628
3772618
3742017
3774027
3756584
3744416
3813748
3743601
3768518
3761422
3733883
3775823
3733849
3778508
3803092
3751870
3764670
3774089
3772346
3735676
3766935
3746549
3736610
3795979
3742512
3752662
3772802
3759121
3747884
3771324
3781714
3802579
3745785
3741588
3776846
3742362
3755763
3778508
3767057
3753866
3775312
3748339
3771718
3776084
3746075
3766988
3771664
3743529
3742502
3769839
3828091
3742743
3788101
3758057
3806514
3766514
3760134
3789241
3758382
3739299
3802416
3751941
3753355
3774194
3744181
3769482
3856707
3770255
3754221
3775675
3745736
3739602
3793835
3765555
3762571
3770576
3743218
3767567
3795282
3762486
3789816
3741872
3767477
3784007
3741912
3757934
3791678
3767769
3740936
3792726
3773776
3754297
3775541
3745405
3765667
3773901
3750135
3754338
3777814
3743945
3765849
3774759
3775725
3787680
3750666
3751317
3776490
3740934
3754330
3798850
3741587
3748224
3775374
3748678
3783559
3773954
3769956
3741278
3783448
3746150
3758751
3772035
3741325
3792064
3738702
3735621
3805820
3733980
3784461
3781807
3742824
3763063
3784421
3750813
3743668
3786812
3741861
3741101
3827076
3751437
3740621
3766326
3738869
3749526
3761515
3766316
3744721
3775945
3747117
3765283
3779801
3754621
3780518
3765870
3741692
3798459
3742428
3742350
3796812
3756356
3764985
3788463
3801304
3742983
3791301
3743107
3742578
3785009
3734624
3736662
3788945
3796762
3777475
3746743
3780891
3798931
3752619
3764688
3780156
3744328
3742879
3772569
3770201
3782238
3802876
3743082
3772519
3776813
3753703
3820457
3771151
3754415
3752413
3774315
3735092
3760455
3759328
3750811
3813841
3908617
3837376
3812610
3751622
3743831
3797918
3759040
3762864
3812352
3744615
3740379
3806173
3750827
3750412
3785492
3765489
3771740
3752420
3742199
3788567
3747413
3737366
3760797
3820399
3740696
3778104
3764080
3746138
3797230
3746886
3763011
3777899
3746753
3742433
3814569
3820916
3740982
3806179
3740813
3776168
3755369
3764157
3772283
3733352
3734618
3799724
3753628
3770853
3783316
3748000
3739908
3772638
3771597
3760138
3776304
3745884
3760450
3773130
3756547
3798758
3770312
3740272
3764754
3762153
3752017
3779196
3744189
3766371
3783010
3743910
3752539
3810439
3744982
3753140
3788171
3746170
3750754
3775849
3763711
3744774
3774634
3770677
3743502
3815909
3744848
3752488
3772092
3744834
3766520
3774809
3745223
3779899
3752900
3747175
3782320
3774351
3767317
3781406
3745241
3743060
3789123
3757116
3740968
3821016
3741923
3742943
3778024
3790855
3754498
3780489
3749974
3789957
3745187
3754296
3787480
3744622
3742955
3779476
3768483
3784651
3783567
3746028
3755755
3769749
3745242
3769213
3866596
3808937
4085731
3775017
3796542
3794990
3785088
3746991
3794500
3775122
3753682
3782007
3763298
3748233
3804952
3749887
3776743
3780883
3765399
3757071
3800559
3780488
3747245
3782808
3751820
3753441
3779907
3781345
3827459
3752591
3803774
3793989
3766861
3745807
3786426
3754940
3768291
3783355
3750559
3752432
3794070
3751289
3749179
3796149
3753232
3736523
3770372
3746131
3741415
3758224
3765178
3774115
3774856
3745317
3772854
3759627
3751886
3788245
3758655
3743692
3776218
3749495
3740562
3771609
3776097
3767999
3799588
3756939
3751832
3779822
3741162
3740451
3795711
3738806
3767866
3741234
3770446
3761842
3750581
3771946
3784390
3743626
3742632
3779723
3743069
3744842
3771920
3769440
3773145
3776947
3748709
3784108
3772904
3745034
3770679
3776283
3753376
3775233
3772717
3742291
3812080
3767517
3744458
3787848
3743914
3767111
3783351
3744219
3741775
3794381
3764565
3743392
3815558
3765999
3756849
3764579
3775712
3742707
3780696
3743131
3799282
3781619
3740018
3790676
3772691
3741172
3875696
3771577
3753977
3781487
3745642
3768663
3780127
3757472
3757350
3828874
3776186
3745615
3796552
3753057
3742951
3787209
3768740
3774258
3747116
3769380
3778746
3742305
3774493
3804595
3744100
3753915
3776675
3833107
3740155
3779916
3773470
3742354
3784281
3743294
3802141
3814069
3744777
3755181
3800922
3740812
3774495
3774178
3741505
3781795
3742710
3763411
3801733
3751881
