4047237
2561113
2165443
2153465
2297533
2161586
2374529
3516548
2729168
2173067
2163643
2159196
2150608
2259871
2180412
2171323
2151613
2165132
2041337
2250742
2175225
2195041
1891317
2023083
1900599
2120724
2653478
2241698
1730082
1364350
1761741
1946170
2092485
2462405
2026246
1588074
1326318
1252486
989461
944553
949182
974022
1106055
978992
953991
953988
952194
971669
762259
768168
760864
765629
762175
765860
762011
799709
776286
762423
757618
789622
804434
798054
766970
768846
761803
725145
629620
631733
631694
634537
671329
633448
634731
631514
631506
631829
629321
631680
631291
631333
631058
631872
630389
631248
630936
635058
644134
573370
553571
549653
542402
540866
545191
543241
542990
543524
543289
543730
550608
553775
