3780088
2614574
2390578
2354415
2040066
2040393
2348608
3432161
2592542
2073526
2966968
3488641
2952480
3724658
2184702
2120041
2044807
2041320
2123617
2042527
2041539
2047491
2075520
2127822
2160564
2204307
1608773
1336105
1371864
1389020
1332486
1358042
1345489
1364642
1117238
1390189
1030104
959246
985084
964489
1021357
1046686
964689
957516
954749
959328
957449
907322
757227
758410
778217
761743
758503
754218
758242
757772
757373
758497
757304
758468
757237
758696
757984
758868
770037
711490
624623
624527
625677
725839
636888
622126
622137
623229
624012
625320
679324
664218
628568
671265
744060
633827
689986
625932
621375
622271
617818
532624
532803
532420
532367
532748
532508
532726
532291
533011
531969
532559
532420
549081
